0.36001 -0.0032
0.36003 0
0.36004 0.0032
0.36005 -0.0032
0.3601 -0.0032
0.36011 -0.0032
0.36013 -0.0032
0.36014 0
0.36016 -0.0032
0.36017 -0.0032
0.36019 -0.0032
0.3602 0
0.36022 -0.0032
0.36023 -0.0032
0.36025 -0.0032
0.36026 -0.0032
0.36028 -0.0032
0.36029 -0.0032
0.3603 -0.0032
0.36032 -0.0032
0.36033 0
0.36034 -0.0032
0.36037 0
0.36038 -0.0032
0.36039 -0.0032
0.3604 -0.0032
0.36041 -0.0032
0.36042 -0.0032
0.36043 -0.0032
0.36045 -0.0032
0.36047 -0.0032
0.36048 -0.0032
0.3605 -0.0032
0.36051 -0.0032
0.36053 -0.0032
0.36057 -0.0032
0.36058 -0.0032
0.36059 -0.0032
0.3606 0
0.36061 -0.0032
0.36062 -0.0032
0.36063 -0.0032
0.36064 -0.0032
0.36065 -0.0032
0.36066 -0.0032
0.36067 -0.0032
0.3607 0.0032
0.36071 -0.0032
0.36072 0
0.36073 0
0.36075 -0.0032
0.36076 -0.0032
0.36077 -0.0032
0.36078 -0.0032
0.36079 -0.0032
0.36081 -0.0032
0.36083 -0.0032
0.36084 -0.0032
0.36085 -0.0032
0.36086 -0.0032
0.36088 -0.0032
0.36089 -0.0032
0.3609 0
0.36092 -0.0032
0.36093 -0.0032
0.36094 0
0.36095 -0.0032
0.36097 -0.0032
0.36098 -0.0032
0.36099 -0.0032
0.36103 0.0032
0.36104 -0.0032
0.36105 0
0.36106 -0.0032
0.36107 -0.0032
0.36109 -0.0032
0.3611 -0.0032
0.36111 0
0.36114 -0.0032
0.36115 -0.0032
0.36116 -0.0032
0.36117 -0.0032
0.36119 -0.0032
0.3612 -0.0032
0.36121 0.0032
0.36122 0.0032
0.36123 -0.0032
0.36127 -0.0032
0.36128 -0.0032
0.36129 -0.0032
0.36132 -0.0032
0.36133 0.0032
0.36135 -0.0032
0.36136 0
0.36138 -0.0032
0.36139 -0.0032
0.36141 -0.0032
0.36142 -0.0032
0.36143 -0.0032
0.36144 -0.0032
0.36145 0.0032
0.36146 -0.0032
0.36149 -0.0032
0.3615 -0.0032
0.36153 0
0.36154 -0.0032
0.36156 -0.0032
0.36158 -0.0032
0.3616 -0.0032
0.36161 -0.0032
0.36163 -0.0032
0.36164 -0.0032
0.36165 0
0.36166 -0.0032
0.36167 0.0032
0.36168 -0.0032
0.36169 -0.0032
0.3617 0
0.36172 0
0.36174 0
0.36176 -0.0032
0.36178 -0.0032
0.36179 -0.0032
0.36181 -0.0032
0.36182 -0.0032
0.36183 -0.0032
0.36184 -0.0032
0.36185 -0.0032
0.36187 0
0.36188 0
0.36189 -0.0032
0.3619 0
0.36192 -0.0032
0.36194 -0.0032
0.36198 -0.0032
0.362 0.0032
0.36201 -0.0032
0.36202 -0.0032
0.36203 -0.0032
0.36204 -0.0032
0.36208 -0.0032
0.36209 -0.0032
0.36211 -0.0032
0.36216 -0.0032
0.36217 -0.0032
0.36218 -0.0032
0.36219 -0.0032
0.3622 -0.0032
0.36222 -0.0032
0.36223 -0.0032
0.36224 -0.0032
0.36227 -0.0032
0.36228 -0.0032
0.36229 -0.0032
0.3623 -0.0032
0.36231 -0.0032
0.36232 -0.0032
0.36233 -0.0032
0.36234 0.0032
0.36235 -0.0032
0.36237 -0.0032
0.36238 -0.0032
0.36241 -0.0032
0.36243 -0.0032
0.36244 -0.0032
0.36245 -0.0032
0.36247 0
0.36248 -0.0032
0.3625 0.0032
0.36254 -0.0032
0.36257 -0.0032
0.36258 0
0.3626 -0.0032
0.36261 -0.0032
0.36262 0.0032
0.36267 -0.0032
0.36269 0
0.3627 -0.0032
0.36273 -0.0032
0.36274 -0.0032
0.36275 -0.0032
0.36276 0
0.36278 0
0.36281 -0.0032
0.36284 -0.0032
0.36285 -0.0032
0.36289 -0.0032
0.3629 -0.0032
0.36291 -0.0032
0.36294 -0.0032
0.36295 -0.0032
0.36297 -0.0032
0.36299 -0.0032
0.363 -0.0032
0.36301 -0.0032
0.36303 0.0032
0.36305 -0.0032
0.36306 -0.0032
0.36308 -0.0032
0.36309 -0.0032
0.3631 -0.0032
0.36311 -0.0032
0.36312 -0.0032
0.36313 -0.0032
0.36315 -0.0032
0.36316 -0.0032
0.36317 -0.0032
0.36318 0
0.36319 0
0.3632 -0.0032
0.36321 -0.0032
0.36323 -0.0032
0.36324 -0.0032
0.36325 -0.0032
0.36326 0.0032
0.36327 0.0032
0.36328 0.0032
0.36329 -0.0032
0.36331 -0.0032
0.36333 -0.0032
0.36334 0.0032
0.36335 -0.0032
0.36337 -0.0032
0.36338 0
0.36339 0
0.3634 0
0.36342 -0.0032
0.36343 -0.0032
0.36345 -0.0032
0.36346 -0.0032
0.36347 -0.0032
0.36348 0
0.3635 -0.0032
0.36351 0
0.36353 -0.0032
0.36354 -0.0032
0.36355 -0.0032
0.36356 -0.0032
0.36357 -0.0032
0.36359 0
0.3636 -0.0032
0.36361 -0.0032
0.36362 0.0032
0.36364 0
0.36365 0
0.36366 -0.0032
0.36368 -0.0032
0.36371 -0.0032
0.36372 0
0.36373 0
0.36374 0
0.36375 -0.0032
0.36376 -0.0032
0.36378 0
0.36379 -0.0032
0.36381 0
0.36382 -0.0032
0.36384 0
0.36386 -0.0032
0.36388 -0.0032
0.36389 -0.0032
0.3639 -0.0032
0.36392 -0.0032
0.36393 -0.0032
0.36394 -0.0032
0.36395 -0.0032
0.36397 -0.0032
0.36398 -0.0032
0.36401 -0.0032
0.36402 -0.0032
0.36403 -0.0032
0.36404 0
0.36405 -0.0032
0.36406 0
0.36407 -0.0032
0.36408 -0.0032
0.36409 -0.0032
0.3641 -0.0032
0.36411 0
0.36412 -0.0032
0.36413 -0.0032
0.36414 -0.0032
0.36415 -0.0032
0.36416 -0.0032
0.36417 -0.0032
0.36418 -0.0032
0.36419 -0.0032
0.36422 -0.0032
0.36423 0
0.36424 -0.0032
0.36425 -0.0032
0.36426 -0.0032
0.36427 -0.0032
0.36429 -0.0032
0.3643 -0.0032
0.36431 -0.0032
0.36433 0
0.36434 -0.0032
0.36435 0
0.36436 -0.0032
0.36437 -0.0032
0.36438 -0.0032
0.36439 -0.0032
0.3644 -0.0032
0.36441 0
0.36443 -0.0032
0.36444 -0.0032
0.36445 -0.0032
0.36446 -0.0032
0.36447 -0.0032
0.36448 0
0.3645 0
0.36451 -0.0032
0.36453 -0.0032
0.36454 -0.0032
0.36455 -0.0032
0.36456 -0.0032
0.36458 -0.0032
0.36459 -0.0032
0.3646 -0.0032
0.36461 -0.0032
0.36462 0
0.36463 -0.0032
0.36464 -0.0032
0.36465 0
0.36466 -0.0032
0.36467 -0.0032
0.36468 -0.0032
0.36469 -0.0032
0.3647 -0.0032
0.36471 -0.0032
0.36472 -0.0032
0.36473 0
0.36474 -0.0032
0.36475 0
0.36476 -0.0032
0.36477 -0.0032
0.3648 -0.0032
0.36481 -0.0032
0.36482 -0.0032
0.36483 0
0.36484 -0.0032
0.36486 -0.0032
0.36487 -0.0032
0.36489 -0.0032
0.3649 -0.0032
0.36491 -0.0032
0.36492 0
0.36493 -0.0032
0.36494 -0.0032
0.36495 -0.0032
0.36496 -0.0032
0.36497 -0.0032
0.36498 -0.0032
0.36499 0
0.365 -0.0032
0.36501 -0.0032
0.36504 -0.0032
0.36505 -0.0032
0.36506 0
0.36507 -0.0032
0.36509 0.0032
0.3651 -0.0032
0.36511 -0.0032
0.36512 0
0.36513 -0.0032
0.36514 -0.0032
0.36515 0
0.36516 -0.0032
0.36517 0
0.36518 -0.0032
0.36519 -0.0032
0.3652 -0.0032
0.36522 0
0.36523 -0.0032
0.36524 -0.0032
0.36525 -0.0032
0.36526 -0.0032
0.36527 -0.0032
0.36528 0
0.3653 -0.0032
0.36534 -0.0032
0.36535 -0.0032
0.36536 -0.0032
0.36537 0
0.36538 -0.0032
0.3654 -0.0032
0.36541 -0.0032
0.36542 -0.0032
0.36543 -0.0032
0.36544 -0.0032
0.36545 -0.0032
0.36546 -0.0032
0.36548 -0.0032
0.3655 -0.0032
0.36551 -0.0032
0.36552 -0.0032
0.36553 -0.0032
0.36554 0
0.36555 0
0.36556 -0.0032
0.36558 -0.0032
0.36559 -0.0032
0.3656 -0.0032
0.36561 -0.0032
0.36562 -0.0032
0.36563 -0.0032
0.36564 -0.0032
0.36565 -0.0032
0.36567 0
0.36568 -0.0032
0.36569 -0.0032
0.3657 -0.0032
0.36572 -0.0032
0.36573 -0.0032
0.36574 -0.0032
0.36575 -0.0032
0.36576 -0.0032
0.36577 0
0.36578 0
0.36579 -0.0032
0.3658 -0.0032
0.36581 0
0.36584 -0.0032
0.36585 -0.0032
0.36586 0
0.36587 -0.0032
0.36588 -0.0032
0.36589 -0.0032
0.3659 -0.0032
0.36591 0
0.36592 -0.0032
0.36593 -0.0032
0.36594 -0.0032
0.36595 -0.0032
0.36596 -0.0032
0.36597 0
0.36598 0.0032
0.36599 -0.0032
0.366 -0.0032
0.36603 -0.0032
0.36604 -0.0032
0.36606 -0.0032
0.36607 -0.0032
0.36608 -0.0032
0.36609 -0.0032
0.3661 -0.0032
0.36611 -0.0032
0.36612 0.0032
0.36614 -0.0032
0.36615 -0.0032
0.36617 -0.0032
0.36618 -0.0032
0.36619 -0.0032
0.3662 -0.0032
0.36621 -0.0032
0.36623 0
0.36624 -0.0032
0.36625 -0.0032
0.36627 0
0.36628 0
0.3663 -0.0032
0.36631 -0.0032
0.36635 -0.0032
0.36636 -0.0032
0.36637 -0.0032
0.36638 -0.0032
0.36639 -0.0032
0.3664 -0.0032
0.36641 -0.0032
0.36643 -0.0032
0.36644 -0.0032
0.36645 -0.0032
0.36648 -0.0032
0.36651 -0.0032
0.36652 -0.0032
0.36653 -0.0032
0.36654 -0.0032
0.36655 -0.0032
0.36656 0
0.36657 -0.0032
0.36658 -0.0032
0.36659 0
0.3666 -0.0032
0.36661 -0.0032
0.36662 -0.0032
0.36663 -0.0032
0.36664 0
0.36665 -0.0032
0.36666 -0.0032
0.36667 -0.0032
0.3667 -0.0032
0.36671 -0.0032
0.36672 -0.0032
0.36673 -0.0032
0.36674 -0.0032
0.36675 -0.0032
0.36677 -0.0032
0.36678 -0.0032
0.36679 -0.0032
0.36681 -0.0032
0.36682 -0.0032
0.36683 -0.0032
0.36684 0
0.36686 -0.0032
0.36688 0
0.36689 0
0.36692 -0.0032
0.36695 -0.0032
0.36697 0
0.36698 -0.0032
0.36701 -0.0032
0.36702 -0.0032
0.36703 -0.0032
0.36704 -0.0032
0.36705 -0.0032
0.36707 -0.0032
0.36708 -0.0032
0.36709 0
0.3671 -0.0032
0.36711 -0.0032
0.36712 0
0.36713 -0.0032
0.36714 0
0.36715 0
0.36716 -0.0032
0.36717 -0.0032
0.36718 -0.0032
0.36719 -0.0032
0.3672 -0.0032
0.36721 0
0.36722 0
0.36723 -0.0032
0.36724 -0.0032
0.36725 -0.0032
0.36726 -0.0032
0.36727 -0.0032
0.36728 0
0.36729 0
0.3673 -0.0032
0.36731 0
0.36732 -0.0032
0.36733 -0.0032
0.36734 0.0032
0.36735 -0.0032
0.36736 -0.0032
0.36737 -0.0032
0.36738 -0.0032
0.36739 -0.0032
0.3674 -0.0032
0.36741 0
0.36742 -0.0032
0.36743 -0.0032
0.36744 -0.0032
0.36745 0
0.36746 -0.0032
0.36748 0
0.36749 -0.0032
0.3675 -0.0032
0.36751 0
0.36753 0
0.36754 0
0.36756 0
0.36757 -0.0032
0.36758 0
0.36759 0.0032
0.3676 -0.0032
0.36761 -0.0032
0.36762 -0.0032
0.36764 0
0.36765 -0.0032
0.36766 -0.0032
0.36767 -0.0032
0.36768 -0.0032
0.36769 -0.0032
0.3677 -0.0032
0.36772 -0.0032
0.36774 -0.0032
0.36775 0
0.36776 -0.0032
0.36777 -0.0032
0.36778 0
0.36779 -0.0032
0.3678 -0.0032
0.36781 -0.0032
0.36782 -0.0032
0.36783 -0.0032
0.36784 -0.0032
0.36785 -0.0032
0.36787 0.0032
0.36788 -0.0032
0.36789 -0.0032
0.3679 -0.0032
0.36792 -0.0032
0.36794 0
0.36795 -0.0032
0.36796 -0.0032
0.36797 0
0.36798 0
0.36799 -0.0032
0.368 -0.0032
0.36801 0
0.36802 -0.0032
0.36803 -0.0032
0.36804 -0.0032
0.36806 -0.0032
0.36807 -0.0032
0.36808 -0.0032
0.36809 -0.0032
0.3681 -0.0032
0.36812 -0.0032
0.36813 -0.0032
0.36814 -0.0032
0.36815 0
0.36816 0.0032
0.36817 -0.0032
0.36818 -0.0032
0.36819 -0.0032
0.3682 -0.0032
0.36822 0
0.36823 -0.0032
0.36824 -0.0032
0.36825 0
0.36826 -0.0032
0.36828 0
0.36829 0
0.3683 0
0.36831 -0.0032
0.36832 -0.0032
0.36834 0
0.36835 -0.0032
0.36836 0.0032
0.36837 0
0.36839 -0.0032
0.3684 0.0032
0.36841 -0.0032
0.36842 -0.0032
0.36843 0
0.36844 -0.0032
0.36846 -0.0032
0.36847 -0.0032
0.36848 -0.0032
0.36849 -0.0032
0.3685 -0.0032
0.36851 -0.0032
0.36852 -0.0032
0.36853 -0.0032
0.36854 -0.0032
0.36855 -0.0032
0.36856 0
0.36857 0
0.36858 -0.0032
0.36859 -0.0032
0.3686 -0.0032
0.36861 -0.0032
0.36862 -0.0032
0.36864 -0.0032
0.36865 0.0032
0.36866 -0.0032
0.36867 -0.0032
0.36868 -0.0032
0.36869 -0.0032
0.3687 -0.0032
0.36871 -0.0032
0.36872 -0.0032
0.36873 -0.0032
0.36874 -0.0032
0.36875 0
0.36876 -0.0032
0.36878 0
0.36879 -0.0032
0.3688 0.0032
0.36881 0
0.36884 -0.0032
0.36885 0
0.36886 0
0.36887 -0.0032
0.36888 0
0.36889 -0.0032
0.3689 0
0.36891 0
0.36892 0.0032
0.36893 0
0.36894 0.0032
0.36895 0
0.36896 0
0.36897 0.0032
0.36898 -0.0032
0.36899 -0.0032
0.369 0
0.36901 -0.0032
0.36902 -0.0032
0.36903 -0.0032
0.36905 -0.0032
0.36906 -0.0032
0.36907 -0.0032
0.36908 0
0.36909 0
0.3691 -0.0032
0.36912 0
0.36913 0
0.36914 0.0032
0.36915 0.0032
0.36916 0.0032
0.36917 0
0.36919 -0.0032
0.3692 0
0.36921 -0.0032
0.36922 0
0.36923 0
0.36924 -0.0032
0.36925 0
0.36926 -0.0032
0.36927 -0.0032
0.36928 0
0.36929 -0.0032
0.3693 0
0.36931 -0.0032
0.36932 0.0032
0.36934 0
0.36935 -0.0032
0.36936 -0.0032
0.36937 -0.0032
0.36939 -0.0032
0.3694 0
0.36941 -0.0032
0.36942 0
0.36943 0
0.36944 -0.0032
0.36945 0
0.36946 -0.0032
0.36947 0
0.36948 -0.0032
0.3695 -0.0032
0.36951 0.0032
0.36952 -0.0032
0.36953 0.0032
0.36954 -0.0032
0.36955 -0.0032
0.36956 -0.0032
0.36957 -0.0032
0.36958 -0.0032
0.36959 -0.0032
0.3696 0
0.36961 -0.0032
0.36962 -0.0032
0.36963 -0.0032
0.36964 -0.0032
0.36965 0
0.36966 -0.0032
0.36967 0.0032
0.36968 0
0.36969 0
0.3697 0
0.36971 -0.0032
0.36972 0
0.36973 0.0032
0.36974 0.0032
0.36975 0.0032
0.36976 0
0.36977 -0.0032
0.36978 -0.0032
0.36979 -0.0032
0.3698 -0.0032
0.36981 -0.0032
0.36982 -0.0032
0.36984 0
0.36985 0.0032
0.36987 0.0032
0.36988 -0.0032
0.36989 -0.0032
0.3699 -0.0032
0.36991 0
0.36992 0
0.36993 0
0.36994 0.0032
0.36995 0
0.36996 -0.0032
0.36997 -0.0032
0.36999 0.0032
0.37 0
781
